100.800000
9.795918
0.000000
p
48.555102
9.795918
0.000000
p
48.555102
35.918367
0.000000
p
28.963265
9.795918
0.000000
p
28.963265
16.326531
0.000000
p
-16.751020
16.326531
0.000000
p
-16.751020
9.795918
0.000000
p
-29.812245
16.326531
0.000000
p
-29.812245
29.387755
0.000000
p
-82.057143
35.918367
0.000000
p
-82.057143
29.387755
0.000000
p
-95.118367
9.795918
0.000000
p
-173.485714
9.795918
0.000000
p
-166.955102
-29.387755
0.000000
p
-147.363265
-16.326531
0.000000
p
-147.363265
-22.857143
0.000000
p
-127.771429
-9.795918
0.000000
p
-108.179592
-9.795918
0.000000
p
-108.179592
-3.265306
0.000000
p
-95.118367
-3.265306
0.000000
p
-88.587755
-9.795918
0.000000
p
-88.587755
-16.326531
0.000000
p
-101.648980
-42.448980
0.000000
p
-82.057143
-55.510204
0.000000
p
-68.995918
-22.857143
0.000000
p
-49.404082
-22.857143
0.000000
p
-36.342857
-29.387755
0.000000
p
-23.281633
-62.040816
0.000000
p
-3.689796
-48.979592
0.000000
p
-23.281633
-9.795918
0.000000
p
-16.751020
-3.265306
0.000000
p
-16.751020
-9.795918
0.000000
p
28.963265
-9.795918
0.000000
p
28.963265
-3.265306
0.000000
p
48.555102
3.265306
0.000000
p
100.800000
3.265306
0.000000
p
100.800000
9.795918
0.000000
-16.751020
9.795918
0.000000
p
-16.751020
-3.265306
0.000000
-10.220408
16.326531
0.000000
p
-10.220408
-9.795918
0.000000
-3.689796
16.326531
0.000000
p
-3.689796
-9.795918
0.000000
2.840816
16.326531
0.000000
p
2.840816
-9.795918
0.000000
9.371429
16.326531
0.000000
p
9.371429
-9.795918
0.000000
15.902041
16.326531
0.000000
p
15.902041
-9.795918
0.000000
22.432653
16.326531
0.000000
p
22.432653
-9.795918
0.000000
28.963265
9.795918
0.000000
p
28.963265
-3.265306
0.000000
48.555102
9.795918
0.000000
p
28.963265
9.795918
0.000000
-29.812245
16.326531
0.000000
p
-62.465306
16.326531
0.000000
p
-68.995918
22.857143
0.000000
p
-68.995918
29.387755
0.000000
p
-36.342857
29.387755
0.000000
p
-29.812245
22.857143
0.000000
-75.526531
29.387755
0.000000
-42.873469
-22.857143
0.000000
p
-62.465306
-22.857143
0.000000
p
-68.995918
-16.326531
0.000000
p
-68.995918
-9.795918
0.000000
p
-62.465306
-3.265306
0.000000
p
-42.873469
-3.265306
0.000000
p
-36.342857
-9.795918
0.000000
p
-36.342857
-16.326531
0.000000
p
-42.873469
-22.857143
0.000000
-49.404082
-3.265306
0.000000
p
-55.934694
-9.795918
0.000000
p
-55.934694
-16.326531
0.000000
-166.955102
-3.265306
0.000000
p
-114.710204
-3.265306
0.000000
-166.955102
-9.795918
0.000000
p
-134.302041
-9.795918
0.000000
87.738776
9.795918
0.000000
p
87.738776
3.265306
0.000000
-42.873469
-3.265306
0.000000
p
-29.812245
-3.265306
0.000000
p
-23.281633
3.265306
0.000000
p
-23.281633
9.795918
0.000000
p
-62.465306
9.795918
0.000000
p
-68.995918
3.265306
0.000000
p
-68.995918
-3.265306
0.000000
p
-55.934694
-3.265306
0.000000
-23.281633
3.265306
0.000000
p
-68.995918
3.265306
0.000000
-68.995918
9.795918
0.000000
p
-68.995918
16.326531
0.000000
p
-82.057143
9.795918
0.000000
p
-68.995918
9.795918
0.000000
p
-101.648980
9.795918
0.000000
p
-108.179592
3.265306
0.000000
p
-101.648980
-3.265306
0.000000
p
-68.995918
-3.265306
0.000000
-68.995918
3.265306
0.000000
p
-108.179592
3.265306
0.000000
-23.281633
-22.857143
0.000000
p
-10.220408
-48.979592
0.000000
-29.812245
-29.387755
0.000000
p
-16.751020
-55.510204
0.000000