-43.265306
-62.040816
0.000000
p
-75.918367
-62.040816
0.000000
p
-75.918367
16.326531
0.000000
p
-69.387755
29.387755
0.000000
p
-62.857143
35.918367
0.000000
p
-49.795918
42.448980
0.000000
p
54.693878
42.448980
0.000000
p
61.224490
35.918367
0.000000
p
61.224490
9.795918
0.000000
p
-43.265306
9.795918
0.000000
p
-43.265306
-62.040816
0.000000
-17.142857
9.795918
0.000000
p
-23.673469
3.265306
0.000000
p
-23.673469
-3.265306
0.000000
p
-30.204082
-9.795918
0.000000
p
-43.265306
-9.795918
0.000000
-30.204082
9.795918
0.000000
p
-36.734694
-3.265306
0.000000
p
-43.265306
-3.265306
0.000000
-56.326531
-62.040816
0.000000
p
-56.326531
-16.326531
0.000000
p
-62.857143
3.265306
0.000000
p
-62.857143
35.918367
0.000000
-62.857143
-62.040816
0.000000
p
-62.857143
-9.795918
0.000000
p
-69.387755
3.265306
0.000000
p
-69.387755
29.387755
0.000000
-69.387755
-62.040816
0.000000
p
-69.387755
-68.571429
0.000000
p
-49.795918
-68.571429
0.000000
p
-49.795918
-62.040816
0.000000
61.224490
35.918367
0.000000
p
-4.081633
35.918367
0.000000
p
-17.142857
22.857143
0.000000
p
-62.857143
22.857143
0.000000
61.224490
29.387755
0.000000
p
-4.081633
29.387755
0.000000
p
-17.142857
16.326531
0.000000
p
-62.857143
16.326531
0.000000