-167.3469387755102
-29.387755102040817
0
p
-167.3469387755102
16.3265306122449
0
p
93.87755102040816
16.3265306122449
0
p
93.87755102040816
3.2653061224489797
0
p
-62.85714285714286
3.2653061224489797
0
p
-167.3469387755102
-29.387755102040817
0
-43.265306122448976
3.2653061224489797
0
p
-62.85714285714286
-9.79591836734694
0
p
-102.04081632653062
-9.79591836734694
0
-62.85714285714286
3.2653061224489797
0
p
-69.38775510204081
-3.2653061224489797
0
p
-82.44897959183673
-3.2653061224489797
0
-154.28571428571428
16.3265306122449
0
p
-147.75510204081633
-22.857142857142858
0
-134.69387755102042
16.3265306122449
0
p
-128.16326530612247
-16.3265306122449
0
-115.10204081632654
16.3265306122449
0
p
-108.57142857142858
-9.79591836734694
0
-95.51020408163264
16.3265306122449
0
p
-88.9795918367347
-3.2653061224489797
0